218	137	121	165	112	29	183	68	22	158	160	100	205	238	119	66	190	107	100	
74	235	55	127	141	125	109	84	27	164	201	59	126	82	180	36	194	210	219	
6	232	121	166	76	71	148	196	137	82	47	238	156	26	37	28	168	162	137	
252	189	45	197	248	172	23	173	208	217	127	171	223	103	37	133	180	108	26	
120	245	108	167	227	9	194	8	37	106	170	174	102	103	219	44	96	135	67	
13	87	29	140	3	252	243	40	130	167	148	156	31	137	8	199	109	17	137	
117	54	243	32	228	89	135	192	133	231	71	201	244	159	230	128	162	226	116	
202	100	27	94	0	59	231	9	2	84	26	139	202	81	126	234	53	215	113	
245	93	89	61	38	77	220	12	206	126	238	66	72	83	93	166	83	152	141	
92	154	226	119	37	172	200	163	150	253	123	7	243	216	96	48	254	174	12	
10	124	138	248	190	210	75	27	120	159	180	5	251	78	231	114	116	147	58	
23	41	56	146	49	43	106	145	91	104	63	103	114	187	241	107	121	195	182	
149	59	85	73	64	81	151	40	195	11	187	254	35	229	54	181	22	97	32	
167	188	136	231	35	251	162	20	102	28	215	28	177	18	114	250	82	195	145	
122	134	157	54	132	192	27	186	117	49	27	149	216	215	30	191	250	25	98	
14	127	126	229	155	47	247	13	41	74	208	186	196	87	87	250	219	23	21	
150	141	70	177	34	31	137	64	222	131	89	64	146	216	190	119	116	237	111	
129	22	185	82	209	125	169	40	120	132	64	141	26	205	212	204	239	243	85	
48	209	216	137	18	106	98	208	226	214	190	81	87	212	10	169	165	135	82	
218	178	137	129	121	143	165	139	112	71	29	106	183	126	68	45	22	90	158	159	160	130	100	153	205	222	238	179	119	93	66	128	190	149	107	104	100	
146	106	186	96	88	110	146	153	127	85	77	69	146	89	76	48	25	93	161	180	181	151	80	113	166	182	160	209	150	123	51	130	192	151	159	163	160	
74	155	235	145	55	91	127	134	141	133	125	117	109	97	84	56	27	96	164	183	201	130	59	93	126	104	82	131	180	108	36	115	194	202	210	215	219	
40	153	234	144	88	111	147	154	109	106	98	90	129	153	140	112	82	55	123	142	124	220	149	182	141	76	54	103	109	104	32	111	181	178	186	191	178	
6	119	232	177	121	144	166	121	76	74	71	110	148	172	196	167	137	110	82	65	47	143	238	197	156	91	26	32	37	33	28	98	168	165	162	150	137	
129	242	211	139	83	106	182	207	162	160	122	47	86	110	185	202	173	145	150	105	87	183	205	231	190	125	65	32	37	33	81	104	174	171	135	94	82	
252	221	189	117	45	121	197	223	248	210	172	98	23	98	173	191	208	213	217	172	127	149	171	197	223	163	103	70	37	85	133	157	180	144	108	67	26	
186	249	217	145	77	106	182	208	238	129	91	16	109	16	91	108	123	157	162	117	149	151	173	199	163	163	103	70	128	41	89	112	138	158	122	81	47	
120	183	245	177	108	138	167	197	227	118	9	102	194	101	8	23	37	72	106	138	170	172	174	138	102	103	103	161	219	132	44	70	96	116	135	101	67	
67	129	166	137	69	98	154	85	115	6	131	126	219	126	24	69	84	118	137	127	159	161	165	103	67	67	120	56	114	26	122	77	103	122	76	136	102	
13	50	87	58	29	85	140	72	3	128	252	248	243	142	40	85	130	149	167	158	148	152	156	94	31	84	137	73	8	104	199	154	109	63	17	77	137	
65	34	71	42	136	31	86	18	116	46	171	166	189	218	116	161	132	181	199	190	110	175	179	116	138	95	148	84	119	68	164	119	136	168	122	182	127	
117	86	54	149	243	138	32	130	228	159	89	112	135	164	192	163	133	182	231	151	71	136	201	223	244	202	159	195	230	179	128	145	162	194	226	171	116	
160	128	77	41	135	30	63	16	114	45	74	160	183	212	101	97	68	117	158	129	49	114	170	202	223	181	120	143	178	127	181	91	108	140	221	170	115	
202	151	100	64	27	61	94	47	0	30	59	145	231	120	9	6	2	43	84	55	26	83	139	171	202	142	81	104	126	180	234	144	53	134	215	164	113	
224	148	97	60	58	44	78	31	19	39	68	154	226	122	11	7	104	64	105	76	132	46	103	134	137	143	82	105	110	146	200	110	68	103	184	133	127	
245	169	93	91	89	75	61	50	38	58	77	149	220	116	12	109	206	166	126	182	238	152	66	69	72	78	83	88	93	130	166	125	83	118	152	147	141	
169	93	124	160	158	144	90	49	38	57	125	139	210	106	88	81	178	138	190	125	181	95	37	155	158	163	150	90	95	131	107	210	169	203	163	82	77	
92	123	154	190	226	173	119	78	37	105	172	186	200	182	163	157	150	202	253	188	123	65	7	125	243	230	216	156	96	72	48	151	254	214	174	93	12	
51	108	139	175	182	237	184	143	114	124	191	205	138	114	95	89	135	155	206	141	152	64	6	124	247	161	147	87	164	105	81	184	185	201	161	80	35	
10	67	124	131	138	193	248	219	190	200	210	143	75	51	27	74	120	140	159	170	180	93	5	128	251	165	78	155	231	173	114	115	116	132	147	103	58	
17	74	83	90	97	152	197	149	120	130	127	158	91	67	86	59	106	125	132	111	122	34	54	60	183	96	133	160	236	178	111	118	119	134	171	165	120	
23	32	41	49	56	101	146	98	49	46	43	75	106	126	145	118	91	98	104	84	63	83	103	109	114	151	187	214	241	174	107	114	121	158	195	189	182	
86	41	50	58	71	65	110	61	57	65	62	94	129	73	93	66	143	51	58	37	125	159	179	184	75	172	208	235	148	211	144	151	72	109	146	140	107	
149	104	59	72	85	79	73	69	64	73	81	116	151	96	40	118	195	103	11	99	187	221	254	145	35	132	229	142	54	118	181	102	22	60	97	65	32	
158	113	124	98	111	105	152	54	50	58	166	122	157	101	30	71	149	57	20	113	201	235	141	216	106	203	124	172	84	148	216	132	52	90	146	121	89	
167	178	188	162	136	184	231	133	35	143	251	207	162	91	20	61	102	65	28	122	215	122	28	103	177	98	18	66	114	182	250	166	82	139	195	170	145	
145	151	161	135	147	95	143	45	84	114	222	177	95	174	103	144	110	76	39	132	121	182	89	163	197	196	117	165	72	153	221	137	166	54	110	85	122	
122	128	134	146	157	106	54	93	132	162	192	110	27	107	186	152	117	83	49	38	27	88	149	183	216	216	215	123	30	111	191	221	250	138	25	62	98	
68	74	131	130	142	90	142	105	144	174	120	220	137	217	100	114	79	45	62	129	118	179	168	173	206	206	151	151	59	139	221	205	235	122	24	23	60	
14	71	127	127	126	178	229	192	155	101	47	147	247	130	13	27	41	58	74	141	208	197	186	191	196	142	87	87	87	169	250	235	219	121	23	22	21	
82	78	134	134	98	152	203	166	95	93	39	139	192	156	39	53	132	86	103	170	149	136	125	130	171	206	152	152	139	103	185	169	168	228	130	129	66	
150	146	141	106	70	124	177	106	34	33	31	84	137	101	64	143	222	177	131	110	89	77	64	105	146	181	216	203	190	155	119	118	116	177	237	174	111	
140	135	82	163	128	181	130	193	122	120	78	100	153	117	52	92	171	126	132	98	77	64	103	45	86	121	211	214	201	166	162	179	178	238	240	161	98	
129	76	22	104	185	134	82	146	209	167	125	147	169	105	40	80	120	126	132	98	64	103	141	84	26	116	205	209	212	208	204	222	239	241	243	164	85	
89	169	116	197	201	161	110	173	114	158	116	138	134	189	124	164	173	167	173	139	127	73	111	54	57	119	209	212	111	191	187	204	202	187	189	110	84	
48	129	209	213	216	177	137	78	18	62	106	102	98	153	208	217	226	220	214	202	190	136	81	84	87	150	212	111	10	90	169	167	165	150	135	109	82	


        reset  <= '0';
        start  <= '0';
        pel_mb <= (others => '0');
        hp_mb  <= x"DA8979A5701DB744169EA064CDEE7742BE6B64";

        wait until clock'event and clock = '1';
        reset  <= '0';
        start  <= '0';
        pel_mb <= (others => '0');
        hp_mb  <= x"4AEB377F8D7D6D541BA4C93B7E52B424C2D2DB";

        wait until clock'event and clock = '1';
        reset  <= '0';
        start  <= '0';
        pel_mb <= (others => '0');
        hp_mb  <= x"06E879A64C4794C489522FEE9C1A251CA8A289";

        wait until clock'event and clock = '1';
        reset  <= '0';
        start  <= '0';
        pel_mb <= (others => '0');
        hp_mb  <= x"FCBD2DC5F8AC17ADD0D97FABDF672585B46C1A";

        wait until clock'event and clock = '1';
        reset  <= '0';
        start  <= '0';
        pel_mb <= (others => '0');
        hp_mb  <= x"78F56CA7E309C208256AAAAE6667DB2C608743";

        wait until clock'event and clock = '1';
        reset  <= '0';
        start  <= '0';
        pel_mb <= (others => '0');
        hp_mb  <= x"0D571D8C03FCF32882A7949C1F8908C76D1189";

        wait until clock'event and clock = '1';
        reset  <= '0';
        start  <= '0';
        pel_mb <= (others => '0');
        hp_mb  <= x"7536F320E45987C085E747C9F49FE680A2E274";

        wait until clock'event and clock = '1';
        reset  <= '0';
        start  <= '0';
        pel_mb <= (others => '0');
        hp_mb  <= x"CA641B5E003BE70902541A8BCA517EEA35D771";

        wait until clock'event and clock = '1';
        reset  <= '0';
        start  <= '0';
        pel_mb <= (others => '0');
        hp_mb  <= x"F55D593D264DDC0CCE7EEE4248535DA653988D";

        wait until clock'event and clock = '1';
        reset  <= '0';
        start  <= '0';
        pel_mb <= (others => '0');
        hp_mb  <= x"5C9AE27725ACC8A396FD7B07F3D86030FEAE0C";

        wait until clock'event and clock = '1';
        reset  <= '0';
        start  <= '0';
        pel_mb <= (others => '0');
        hp_mb  <= x"0A7C8AF8BED24B1B789FB405FB4EE77274933A";

        wait until clock'event and clock = '1';
        reset  <= '0';
        start  <= '0';
        pel_mb <= (others => '0');
        hp_mb  <= x"17293892312B6A915B683F6772BBF16B79C3B6";

        wait until clock'event and clock = '1';
        reset  <= '0';
        start  <= '0';
        pel_mb <= (others => '0');
        hp_mb  <= x"953B554940519728C30BBBFE23E536B5166120";

        wait until clock'event and clock = '1';
        reset  <= '0';
        start  <= '0';
        pel_mb <= (others => '0');
        hp_mb  <= x"A7BC88E723FBA214661CD71CB11272FA52C391";

        wait until clock'event and clock = '1';
        reset  <= '0';
        start  <= '0';
        pel_mb <= (others => '0');
        hp_mb  <= x"7A869D3684C01BBA75311B95D8D71EBFFA1962";

        wait until clock'event and clock = '1';
        reset  <= '0';
        start  <= '0';
        pel_mb <= (others => '0');
        hp_mb  <= x"0E7F7EE59B2FF70D294AD0BAC45757FADB1715";

        wait until clock'event and clock = '1';
        reset  <= '0';
        start  <= '0';
        pel_mb <= (others => '0');
        hp_mb  <= x"968D46B1221F8940DE83594092D8BE7774ED6F";

        wait until clock'event and clock = '1';
        reset  <= '0';
        start  <= '0';
        pel_mb <= (others => '0');
        hp_mb  <= x"8116B952D17DA9287884408D1ACDD4CCEFF355";

        wait until clock'event and clock = '1';
        reset  <= '0';
        start  <= '0';
        pel_mb <= (others => '0');
        hp_mb  <= x"30D1D889126A62D0E2D6BE5157D40AA9A58752";

        wait until clock'event and clock = '1';
